image: /home/leduvanh/mybot_ws/src/cre_map/map/a1.pgm
resolution: 0.050000
origin: [-27.289774, -42.150000, 0.000000]
negate: 0
occupied_thresh: 0.65
free_thresh: 0.196

